1 2 2 3 2 0 5 1 0 0 4 0 5 8 10 6 4 2 1 3 0
0 5 0 8 2 1 3 3 7 3 9 2 4 7 8 18 9 0 1 5 1
6 9 4 5 0 1 3 1 2 0 8 2 2 1 2 9 1 0 1 5 9
3 1 5 18 2 0 3 1 0 3 2 0 2 1 2 5 4 0 0 3 3
9 11 7 20 0 3 5 4 5 2 10 5 8 9 9 20 10 3 2 14 1
30 29 10 43 7 9 12 10 11 8 40 10 13 17 23 48 18 5 6 43 12
80 89 33 110 17 30 36 37 34 21 112 35 38 48 94 129 71 9 7 108 43
153 240 118 230 41 106 71 94 86 70 336 72 92 156 267 322 139 14 26 279 93
273 441 200 448 80 174 160 139 130 117 595 122 104 228 470 481 254 13 61 469 166
342 481 301 519 80 161 190 172 131 170 651 135 181 322 535 658 308 29 80 543 180
362 506 269 507 86 111 204 151 172 167 575 137 170 316 514 693 350 37 75 574 210
409 426 266 574 64 93 189 121 182 145 461 150 215 279 437 657 325 40 75 476 229
334 417 250 523 77 82 185 121 175 139 436 134 190 284 382 605 293 30 79 400 203
374 356 235 495 64 81 170 90 143 138 363 143 187 257 346 513 280 30 63 383 214
354 284 187 459 49 80 183 127 157 90 328 150 181 242 298 479 253 31 54 306 179
288 292 175 495 37 65 159 111 148 86 296 111 176 204 293 438 264 29 65 297 171
274 242 172 409 49 49 171 83 117 99 297 136 143 229 255 428 236 24 52 258 158
322 217 148 493 56 67 160 92 106 83 312 107 157 194 283 392 208 23 60 261 152
332 250 138 519 39 65 145 92 95 85 312 124 150 209 268 407 226 29 43 248 155
324 252 143 574 48 70 175 84 131 83 328 125 147 214 308 441 257 35 45 242 173
333 267 147 592 35 63 160 85 128 66 324 126 153 242 335 511 203 27 52 266 163
383 291 141 571 44 58 152 82 150 74 302 134 153 224 318 466 219 24 43 247 167
349 248 129 619 35 44 151 82 141 75 277 123 150 186 333 450 218 19 45 235 138
318 259 122 591 45 35 145 57 125 78 283 140 136 195 305 406 206 26 43 246 150
328 236 119 576 34 45 136 57 121 62 234 130 116 176 304 427 179 26 48 251 143
285 221 104 545 38 42 137 54 105 76 230 129 101 202 253 398 171 24 44 219 158
321 244 112 539 35 47 155 55 99 72 292 119 135 194 295 394 219 19 47 207 153
312 257 119 564 50 44 153 68 131 66 266 120 156 208 315 395 200 28 50 245 159
381 305 122 659 54 62 175 69 130 88 301 164 141 272 407 516 224 35 43 290 199
452 352 163 728 63 85 194 71 172 88 368 157 164 278 407 511 271 37 52 330 234
444 359 164 818 75 68 196 107 179 99 388 165 200 296 452 590 289 32 67 360 253
447 340 179 784 65 67 214 90 187 107 363 176 188 284 477 580 294 30 57 354 249
440 357 199 773 60 67 206 82 158 112 355 188 193 304 397 617 292 39 64 319 262
446 315 148 715 56 72 185 94 155 108 340 142 195 270 396 548 276 37 67 300 234
404 320 152 703 50 65 217 94 143 98 351 150 149 249 404 522 284 36 59 265 228
433 279 155 689 44 65 174 70 136 89 319 141 148 245 359 480 265 30 66 231 185
349 269 158 672 39 52 172 80 138 80 305 161 147 200 377 470 234 29 48 213 184
343 236 139 643 46 41 198 62 131 70 278 150 135 220 374 445 218 24 45 221 189
362 218 136 606 36 49 164 44 103 68 262 130 134 198 329 367 200 26 34 197 164
285 202 95 537 33 28 147 47 78 58 229 105 107 162 282 300 196 24 29 147 123
220 144 71 429 17 22 110 36 76 40 179 87 91 132 266 252 118 17 22 128 102
126 115 54 276 8 14 84 23 44 19 115 69 43 82 171 186 86 14 22 73 59
83 65 34 178 10 14 58 23 29 12 84 30 28 51 96 95 53 3 9 50 37
41 33 13 91 6 4 35 6 18 15 37 12 16 29 44 60 22 6 4 35 19
29 15 12 56 2 0 16 5 6 8 26 7 9 11 34 28 10 2 1 14 17
7 10 5 40 2 2 6 2 9 4 8 11 3 6 22 10 10 0 2 11 7
7 15 3 24 1 2 8 2 5 1 9 3 3 7 9 10 8 1 0 11 7
31 14 12 35 3 1 11 6 4 9 16 6 4 18 113 23 30 5 1 39 12
