1 3.661393e+05 1.444067e+05
2 3.670361e+05 142849
3 3.672603e+05 1.422259e+05
4 3.672603e+05 1.461202e+05
5 3.681571e+05 1.453413e+05
6 3.688298e+05 1.456529e+05
7 3.692782e+05 1.412912e+05
8 3.695024e+05 1.426932e+05
9 3.695024e+05 1.459644e+05
10 3.703992e+05 1.408239e+05
11 3.706234e+05 1.433163e+05
12 3.710719e+05 1.472106e+05
13 3.712961e+05 1.464317e+05
14 3.719687e+05 1.439394e+05
15 3.724171e+05 141447
16 3.730897e+05 1.464317e+05
17 3.733139e+05 1.434721e+05
18 3.746592e+05 1.419143e+05
19 3.748834e+05 1.440951e+05
20 3.753318e+05 1.459644e+05
21 3.757803e+05 1.436278e+05
