3 10 3 8 4 1 7 5 4 3 15 3 11 15 17 22 12 3 2 9 5
1 5 3 9 0 0 3 0 3 2 5 0 0 0 1 9 2 0 0 6 4
5 2 3 9 0 1 4 0 2 1 1 1 2 3 4 4 3 0 1 4 3
7 10 5 18 2 1 4 3 1 1 7 2 5 3 6 17 4 1 0 7 2
22 17 11 31 1 7 7 6 9 8 21 8 8 15 17 23 19 4 4 26 3
53 67 19 77 10 14 27 21 22 18 69 25 25 40 65 103 46 5 8 84 28
138 238 89 216 35 84 68 75 72 64 288 58 59 120 291 297 139 19 19 274 67
272 478 227 438 91 191 150 179 140 139 644 108 137 261 573 502 257 17 52 538 170
338 531 300 538 77 178 201 162 130 164 615 147 158 324 572 618 316 32 79 547 210
380 500 273 503 83 124 177 142 156 151 613 146 172 296 473 711 331 34 81 516 184
403 414 256 510 67 69 192 126 183 144 473 139 200 291 411 690 312 34 86 483 226
324 379 227 556 60 73 179 114 171 139 396 150 217 278 358 574 300 32 63 413 211
356 365 243 492 74 91 185 103 161 128 412 125 194 241 309 540 287 35 70 351 210
363 294 197 463 55 74 167 111 147 104 297 127 177 244 285 481 232 22 56 325 191
305 267 175 483 42 71 183 101 132 87 303 150 162 217 268 449 268 26 55 291 163
267 239 166 457 46 66 157 103 127 89 287 101 155 208 263 401 245 24 59 261 150
308 215 156 437 54 55 166 84 124 90 308 134 146 200 287 397 209 27 52 242 166
328 252 143 514 40 62 144 100 101 89 319 104 174 209 296 405 235 29 53 246 156
328 252 141 577 40 65 168 84 125 75 323 132 139 231 276 440 230 34 44 260 158
363 285 149 590 44 66 165 86 138 81 351 153 144 233 343 504 222 22 50 253 167
347 284 135 603 42 62 160 78 154 61 315 123 162 219 351 479 221 29 51 284 175
376 256 141 636 40 47 151 94 136 77 284 145 138 202 317 454 221 21 46 251 152
321 279 114 617 43 37 138 47 129 74 264 125 141 172 317 430 206 28 35 230 154
318 230 120 570 41 37 134 58 120 67 252 128 120 204 289 386 186 22 49 234 141
301 211 109 538 33 47 133 56 97 77 225 124 116 183 274 411 181 23 48 223 143
283 234 95 525 31 46 139 49 105 75 262 121 116 195 282 390 189 18 46 211 157
331 271 122 529 47 47 183 69 116 60 276 125 142 206 305 389 211 30 51 234 146
347 266 126 658 48 50 180 66 135 78 279 138 155 261 361 487 220 32 39 279 196
430 337 153 718 56 77 177 82 169 91 378 171 147 294 453 530 253 29 51 330 222
491 387 172 798 75 79 186 84 174 109 387 169 197 286 482 577 299 41 63 337 256
456 373 191 849 72 63 229 118 188 113 381 181 203 288 468 630 284 34 67 390 259
453 349 177 751 68 74 182 73 176 102 331 179 180 277 398 566 321 32 62 319 257
416 325 157 738 56 78 196 102 146 112 377 147 203 275 368 552 259 46 66 282 238
419 292 154 651 48 69 207 76 153 81 330 160 162 258 361 525 268 29 55 270 213
373 277 173 693 51 52 187 82 134 95 312 134 148 235 390 496 284 33 61 230 209
399 262 138 649 38 51 162 68 126 94 298 143 150 211 360 458 238 25 55 208 194
363 240 138 670 40 57 195 73 128 82 300 168 137 230 381 454 207 32 45 222 166
351 229 149 657 46 43 192 53 110 53 260 125 120 198 351 379 207 24 41 189 170
303 217 101 556 24 33 164 43 91 68 238 113 123 183 312 311 216 29 28 184 144
241 134 80 451 29 24 114 43 74 32 201 91 97 131 257 291 129 15 27 133 100
150 119 57 308 10 20 95 23 57 21 125 75 49 98 178 192 96 12 14 80 76
91 60 34 180 9 7 57 21 28 18 91 34 31 60 93 98 55 3 17 56 45
36 35 15 83 4 7 31 10 13 14 49 12 18 21 46 60 31 7 5 33 20
15 16 13 56 5 1 12 2 8 6 19 12 11 17 31 28 8 3 1 19 14
16 8 6 36 1 3 11 4 7 5 11 7 5 7 12 11 7 1 2 9 6
5 10 2 21 0 1 4 3 8 1 5 6 3 5 11 11 10 0 0 5 5
16 7 3 26 2 1 7 0 3 0 5 4 5 7 12 13 4 0 0 15 4
56 32 26 45 5 3 31 7 9 15 50 11 14 32 299 48 56 14 6 68 29
