6 11 1 12 0 0 6 1 1 0 25 4 5 6 46 16 15 1 2 3 1
5 2 0 5 1 3 1 1 2 1 4 2 1 3 7 6 5 0 0 1 3
3 5 1 7 1 1 0 0 2 0 5 4 0 1 6 5 3 1 0 4 4
10 2 2 22 0 2 2 2 3 4 5 2 4 4 12 8 6 0 1 9 6
32 21 4 50 0 3 6 8 9 4 22 6 8 11 18 23 16 0 4 11 11
76 73 19 132 5 7 26 19 35 9 38 32 28 36 80 89 36 4 5 50 27
225 225 38 532 27 13 59 32 109 35 146 112 65 116 257 287 107 18 17 193 97
498 469 82 1093 46 41 148 44 182 68 320 253 140 244 479 618 230 37 51 345 176
571 486 114 1115 43 64 193 73 194 73 413 211 151 283 595 663 284 35 68 378 230
536 404 156 997 63 63 226 90 169 95 359 207 177 310 557 626 285 33 62 364 267
494 359 146 901 63 56 255 90 162 86 401 179 154 298 504 590 291 43 59 328 250
496 345 133 840 57 73 210 74 158 89 375 171 174 280 435 465 248 40 53 269 229
438 329 152 788 53 55 228 72 157 82 339 167 159 258 425 474 281 33 46 239 197
362 245 136 672 56 37 212 64 132 71 301 134 133 221 404 448 243 38 52 250 201
343 219 158 647 50 43 193 58 128 76 296 137 141 237 329 406 238 25 58 209 207
331 218 147 551 43 50 165 69 93 61 293 136 131 209 328 386 229 27 40 217 147
317 229 135 563 42 37 177 64 121 81 282 129 119 211 294 405 225 21 37 217 151
318 266 141 559 36 46 171 67 121 60 303 144 132 211 320 429 230 29 38 241 137
318 284 156 540 44 64 160 80 116 79 335 135 145 200 306 423 228 22 69 264 154
337 304 180 562 52 92 159 106 124 111 368 149 118 211 336 461 229 14 42 307 147
257 343 181 559 46 100 147 105 116 100 367 132 133 198 377 442 199 27 59 297 150
294 276 162 540 54 103 180 106 86 80 397 119 137 190 381 410 189 15 50 273 143
284 261 167 459 43 85 133 107 123 85 326 124 133 185 348 382 202 16 47 266 125
245 250 158 417 56 74 146 90 93 75 345 83 109 184 332 366 204 21 42 264 152
263 268 133 420 46 63 128 78 91 97 316 112 109 158 275 351 191 20 31 258 145
260 262 158 420 39 77 149 79 90 89 263 108 120 184 264 386 179 15 48 242 137
244 298 148 450 49 81 148 76 93 89 367 112 143 201 313 361 221 14 37 304 141
288 304 187 506 50 86 170 101 135 96 346 141 153 210 356 474 252 24 42 315 165
378 381 189 575 53 97 177 110 125 129 452 124 190 265 413 540 294 30 53 373 200
410 427 228 618 70 98 211 134 157 145 457 147 173 239 445 628 308 22 66 471 195
426 422 223 636 46 94 209 111 149 131 503 160 164 290 502 655 334 35 57 465 225
360 354 195 656 53 102 190 101 127 110 453 170 193 262 423 588 287 27 76 398 202
389 349 192 610 55 77 202 100 131 102 428 137 177 268 427 541 285 35 60 357 217
369 299 200 550 52 71 188 89 125 105 387 132 182 266 331 510 279 32 70 336 208
343 296 209 548 50 68 231 99 145 113 358 136 178 240 339 498 247 20 55 281 195
337 277 186 515 49 65 180 96 126 118 308 135 159 202 297 444 279 35 71 275 173
354 256 209 502 47 77 151 99 139 90 318 111 184 209 237 565 237 23 69 257 194
271 227 186 440 52 63 153 95 148 93 288 110 169 219 227 478 227 24 49 250 178
279 173 144 368 44 46 136 82 121 84 255 100 142 180 188 435 213 20 41 266 164
195 175 113 267 30 36 101 60 91 74 194 81 127 143 138 347 158 21 42 180 121
145 88 98 201 29 20 67 47 70 40 127 55 85 93 92 229 108 13 24 140 84
77 76 51 99 16 15 49 34 45 22 66 40 54 51 61 123 63 6 11 84 45
28 27 24 56 6 10 23 13 15 12 48 15 23 37 24 71 32 4 8 44 30
28 16 8 34 8 4 7 7 13 6 20 10 20 5 16 40 15 0 5 21 14
16 15 6 25 1 4 6 4 9 1 13 2 12 5 6 18 7 1 0 13 11
4 4 8 12 1 2 4 1 6 1 10 5 5 10 8 10 10 0 3 7 5
5 5 7 18 4 2 5 4 1 1 8 4 3 3 31 19 4 2 1 4 3
49 38 27 39 2 4 32 7 14 14 42 11 14 36 272 59 69 11 10 78 28
